85
600 800
29 0 774 74 26
-1 74 774 206 26
17 0 737 45 37
-1 45 762 97 12
12 45 737 44 25
-1 89 737 53 25
7 142 737 38 37
-1 180 738 100 36
15 280 738 20 62
-1 300 738 113 62
-1 0 712 107 25
1 107 712 73 25
-1 180 712 233 26
-1 0 693 413 19
4 413 693 17 107
-1 430 772 109 28
13 539 772 36 28
-1 430 756 145 16
5 575 756 25 44
-1 430 693 170 63
-1 0 685 600 8
2 0 661 73 24
-1 73 661 527 24
-1 0 635 600 26
-1 0 489 340 146
20 340 489 176 146
-1 516 489 84 146
-1 0 466 600 23
6 0 433 46 33
-1 46 433 405 33
-1 0 428 451 5
-1 0 417 409 11
14 0 395 79 22
-1 79 395 330 22
10 409 395 42 33
22 451 412 93 54
-1 544 412 56 54
-1 451 395 149 17
-1 0 380 57 15
24 57 380 109 15
16 166 380 71 15
-1 237 380 23 15
-1 0 357 260 23
18 260 357 34 38
-1 0 348 294 9
25 294 348 25 47
-1 319 348 281 47
-1 0 243 600 105
-1 0 237 501 6
-1 0 190 285 47
23 285 190 33 47
-1 318 190 183 47
-1 0 151 365 39
-1 0 124 241 27
-1 0 91 95 33
19 95 91 36 33
-1 131 91 110 33
-1 0 80 241 11
8 241 80 47 71
-1 288 92 77 59
27 365 92 32 98
-1 397 162 104 28
-1 397 92 45 70
-1 288 83 154 9
28 442 83 19 79
-1 461 85 40 77
3 501 85 53 158
-1 554 170 11 73
30 565 170 35 73
-1 554 85 46 85
-1 461 83 139 2
-1 288 80 109 3
-1 0 54 397 26
-1 0 32 156 22
21 156 32 50 22
-1 206 38 191 16
11 397 38 33 45
-1 430 57 170 26
-1 430 38 31 19
-1 206 33 255 5
-1 206 32 224 1
-1 0 0 430 32
26 430 0 31 33
9 461 0 26 57
-1 487 0 113 57
